,A2,AB1,AB3,AB4,AB5,AB6,B1,B2,BL1,C1,C2,C3,H1,H12,H13,H15,H17,H18,H2,H20,H3,H4,H5,H6,H7,H8,H9,HS,K1,K2,L1,L2,L3,L4,L5,LI1,LI2,LI3,N1,P1,PL1,R1,R2,S1,S2,S3,S4,S5,S6,S9,U2,U3,U4,U5,accuracy,macro avg,weighted avg
precision,0.0,0.0,0.0,0.0,0.0,0.0,0.23076923076923078,1.0,0.0,0.0,0.0,0.0,0.25,0.0,0.0,0.0,0.0,0.0,0.0,0.0,0.0,0.0,1.0,0.0,0.0,0.0,0.04339830820154469,0.0,0.0,0.0,0.0,0.0,0.0,0.0,0.0,0.0,0.21428571428571427,0.0,1.0,0.1111111111111111,0.0,0.0,0.0,0.14285714285714285,0.0,0.0,0.047775947281713346,0.014705882352941176,0.9,0.0,0.0,0.0,0.0,0.0,0.04703308722996992,0.09175746920109998,0.12113293561257321
recall,0.0,0.0,0.0,0.0,0.0,0.0,0.024,0.02040816326530612,0.0,0.0,0.0,0.0,0.0070921985815602835,0.0,0.0,0.0,0.0,0.0,0.0,0.0,0.0,0.0,0.02654867256637168,0.0,0.0,0.0,0.9915966386554622,0.0,0.0,0.0,0.0,0.0,0.0,0.0,0.0,0.0,0.009375,0.0,0.013513513513513514,0.0125,0.0,0.0,0.0,0.021052631578947368,0.0,0.0,0.16111111111111112,0.012345679012345678,0.21951219512195122,0.0,0.0,0.0,0.0,0.0,0.04703308722996992,0.02813066302604758,0.04703308722996992
f1-score,0.0,0.0,0.0,0.0,0.0,0.0,0.043478260869565216,0.039999999999999994,0.0,0.0,0.0,0.0,0.013793103448275862,0.0,0.0,0.0,0.0,0.0,0.0,0.0,0.0,0.0,0.05172413793103448,0.0,0.0,0.0,0.08315715292459477,0.0,0.0,0.0,0.0,0.0,0.0,0.0,0.0,0.0,0.017964071856287425,0.0,0.026666666666666665,0.022471910112359553,0.0,0.0,0.0,0.03669724770642201,0.0,0.0,0.07369758576874207,0.013422818791946308,0.3529411764705882,0.0,0.0,0.0,0.0,0.0,0.04703308722996992,0.014370632084194122,0.01829624518550608
precision,0.004149377593360996,0.0,0.0,0.8333333333333334,0.0,0.0,0.36363636363636365,1.0,0.0,0.0,0.0,0.0,0.0,0.0,0.0,0.0,0.0,0.0,0.0,0.0,0.0,0.0,0.6666666666666666,0.0,0.0,0.0,0.0,0.0,0.0,0.0,0.0,0.0,0.0,0.0,0.0,0.0,0.3333333333333333,0.0,0.0,0.0,0.0,0.0,0.0,0.0,0.0,0.0,0.14814814814814814,0.0015113350125944584,0.7777777777777778,0.0,0.3333333333333333,0.0,0.0,0.0,0.010117582718074924,0.08262758645990577,0.12519116272309216
recall,1.0,0.0,0.0,0.03968253968253968,0.0,0.0,0.032,0.04081632653061224,0.0,0.0,0.0,0.0,0.0,0.0,0.0,0.0,0.0,0.0,0.0,0.0,0.0,0.0,0.017699115044247787,0.0,0.0,0.0,0.0,0.0,0.0,0.0,0.0,0.0,0.0,0.0,0.0,0.0,0.009375,0.0,0.0,0.0,0.0,0.0,0.0,0.0,0.0,0.0,0.022222222222222223,0.037037037037037035,0.17073170731707318,0.0,0.018867924528301886,0.0,0.0,0.0,0.010117582718074924,0.025711701340037665,0.010117582718074924
f1-score,0.008264462809917356,0.0,0.0,0.07575757575757576,0.0,0.0,0.058823529411764705,0.07843137254901959,0.0,0.0,0.0,0.0,0.0,0.0,0.0,0.0,0.0,0.0,0.0,0.0,0.0,0.0,0.034482758620689655,0.0,0.0,0.0,0.0,0.0,0.0,0.0,0.0,0.0,0.0,0.0,0.0,0.0,0.0182370820668693,0.0,0.0,0.0,0.0,0.0,0.0,0.0,0.0,0.0,0.03864734299516908,0.002904162633107454,0.27999999999999997,0.0,0.03571428571428571,0.0,0.0,0.0,0.010117582718074924,0.011690047639970344,0.013969962754851514
precision,0.006657789613848202,0.0,0.0,0.05,0.0,0.0,0.2,0.75,0.0,0.0,0.0,0.0,0.0,0.0,0.0,0.0,0.0,0.0,0.0,0.0,0.0,0.0,0.6,0.0,0.0,0.0,0.0,0.0,0.0,0.0,0.0,0.0,0.0,0.0,0.0,0.0,1.0,0.0,0.0,0.813953488372093,0.0,0.0,0.0,0.0,0.0,0.0,0.06467473524962178,0.012987012987012988,1.0,0.0,0.5555555555555556,0.0,0.0,0.0,0.06726825266611977,0.0935894181810765,0.16520209752495899
recall,0.8333333333333334,0.0,0.0,0.007936507936507936,0.0,0.0,0.008,0.061224489795918366,0.0,0.0,0.0,0.0,0.0,0.0,0.0,0.0,0.0,0.0,0.0,0.0,0.0,0.0,0.02654867256637168,0.0,0.0,0.0,0.0,0.0,0.0,0.0,0.0,0.0,0.0,0.0,0.0,0.0,0.003125,0.0,0.0,0.4375,0.0,0.0,0.0,0.0,0.0,0.0,0.95,0.012345679012345678,0.24390243902439024,0.0,0.2830188679245283,0.0,0.0,0.0,0.06726825266611977,0.053091388696174,0.06726825266611977
f1-score,0.013210039630118891,0.0,0.0,0.0136986301369863,0.0,0.0,0.015384615384615384,0.11320754716981131,0.0,0.0,0.0,0.0,0.0,0.0,0.0,0.0,0.0,0.0,0.0,0.0,0.0,0.0,0.05084745762711864,0.0,0.0,0.0,0.0,0.0,0.0,0.0,0.0,0.0,0.0,0.0,0.0,0.0,0.006230529595015576,0.0,0.0,0.5691056910569106,0.0,0.0,0.0,0.0,0.0,0.0,0.12110481586402265,0.012658227848101266,0.39215686274509803,0.0,0.375,0.0,0.0,0.0,0.06726825266611977,0.0311593410566259,0.033175044167358544
precision,0.0063025210084033615,0.0,0.3333333333333333,0.020334059549745823,0.0,0.0,0.4166666666666667,1.0,0.0,0.0,0.0,0.0,0.1308411214953271,0.0,0.0,0.0,0.0,0.0,0.08333333333333333,0.0,0.0,1.0,1.0,0.0,0.0,0.0,0.031914893617021274,0.0,0.0,0.0,0.0,0.0,0.0,0.0,0.0,0.0,0.25,0.0,0.0,0.0,0.0,0.0,0.0,0.0,0.0,0.0,0.06281833616298811,0.0056657223796034,0.7272727272727273,0.0,0.0,0.0,0.0,0.0,0.030352748154224774,0.09386079101516945,0.14217412713723068
recall,1.0,0.0,0.01818181818181818,0.2222222222222222,0.0,0.0,0.04,0.061224489795918366,0.0,0.0,0.0,0.0,0.09929078014184398,0.0,0.0,0.0,0.0,0.0,0.0016,0.0,0.0,0.011235955056179775,0.008849557522123894,0.0,0.0,0.0,0.025210084033613446,0.0,0.0,0.0,0.0,0.0,0.0,0.0,0.0,0.0,0.003125,0.0,0.0,0.0,0.0,0.0,0.0,0.0,0.0,0.0,0.20555555555555555,0.024691358024691357,0.1951219512195122,0.0,0.0,0.0,0.0,0.0,0.030352748154224774,0.035487199476916274,0.030352748154224774
f1-score,0.012526096033402923,0.0,0.034482758620689655,0.037258815701929474,0.0,0.0,0.072992700729927,0.11538461538461538,0.0,0.0,0.0,0.0,0.11290322580645161,0.0,0.0,0.0,0.0,0.0,0.0031397174254317113,0.0,0.0,0.02222222222222222,0.017543859649122806,0.0,0.0,0.0,0.028169014084507043,0.0,0.0,0.0,0.0,0.0,0.0,0.0,0.0,0.0,0.00617283950617284,0.0,0.0,0.0,0.0,0.0,0.0,0.0,0.0,0.0,0.09622886866059818,0.009216589861751152,0.3076923076923077,0.0,0.0,0.0,0.0,0.0,0.030352748154224774,0.016220993173687588,0.021683541439083243
